# transform file /tmp/subjects/Yacyuk/mri/transforms/cc_up.lta
# created by root on Wed Mar 13 00:43:20 2019

type      = 0 # LINEAR_VOX_TO_VOX
nxforms   = 1
mean      = 126.0000 108.0000 107.0000
sigma     = 10000.0000
1 4 4
9.998325109481812e-01 4.465084057301283e-03 -1.775441877543926e-02 3.292737483978271e+00 
-4.464379977434874e-03 9.999901056289673e-01 7.927575643407181e-05 4.355598831176758e+01 
1.775459572672844e-02 -7.275958481545164e-12 9.998424649238586e-01 3.277757644653320e+01 
0.000000000000000e+00 0.000000000000000e+00 0.000000000000000e+00 1.000000000000000e+00 
src volume info
valid = 1  # volume info valid
filename = /tmp/subjects/Yacyuk/mri/norm.mgz
volume = 256 256 256
voxelsize = 1.000000000000000e+00 1.000000000000000e+00 1.000000000000000e+00
xras   = -9.999999403953552e-01 -2.328306436538696e-10 -9.313225746154785e-10
yras   = 9.313225746154785e-10 3.637978807091713e-12 -9.999998807907104e-01
zras   = -2.328306436538696e-10 9.999999403953552e-01 7.275957614183426e-12
cras   = -1.596420288085938e+00 -1.396332550048828e+01 -1.484027862548828e+01
dst volume info
valid = 1  # volume info valid
filename = /tmp/subjects/Yacyuk/mri/norm.mgz
volume = 256 256 256
voxelsize = 1.000000000000000e+00 1.000000000000000e+00 1.000000000000000e+00
xras   = -9.999999403953552e-01 -2.328306436538696e-10 -9.313225746154785e-10
yras   = 9.313225746154785e-10 3.637978807091713e-12 -9.999998807907104e-01
zras   = -2.328306436538696e-10 9.999999403953552e-01 7.275957614183426e-12
cras   = -1.596420288085938e+00 -1.396332550048828e+01 -1.484027862548828e+01
