type      = 1 # LINEAR_RAS_TO_RAS
nxforms   = 1
mean      = 0.0000 0.0000 0.0000
sigma     = 1.0000
1 4 4
1.070332050323486e+00 3.226999891921878e-03 8.802999742329121e-03 -9.402500092983246e-02 
2.974599972367287e-02 1.024466037750244e+00 3.368340134620667e-01 1.588601684570312e+01 
-5.421000067144632e-03 -2.931660115718842e-01 1.068191051483154e+00 -2.003172302246094e+01 
0.000000000000000e+00 0.000000000000000e+00 0.000000000000000e+00 1.000000000000000e+00 
src volume info
valid = 1  # volume info valid
filename = /tmp/subjects/Yacyuk/mri/orig_nu.mgz
volume = 256 256 256
voxelsize = 1.000000000000000e+00 1.000000000000000e+00 1.000000000000000e+00
xras   = -9.999999403953552e-01 -2.328306436538696e-10 -9.313225746154785e-10
yras   = 9.313225746154785e-10 3.637978807091713e-12 -9.999998807907104e-01
zras   = -2.328306436538696e-10 9.999999403953552e-01 7.275957614183426e-12
cras   = -1.596420288085938e+00 -1.396332550048828e+01 -1.484027862548828e+01
dst volume info
valid = 1  # volume info valid
filename = /usr/local/freesurfer/average/mni305.cor.mgz
volume = 256 256 256
voxelsize = 1.000000000000000e+00 1.000000000000000e+00 1.000000000000000e+00
xras   = -1.000000000000000e+00 0.000000000000000e+00 0.000000000000000e+00
yras   = 0.000000000000000e+00 0.000000000000000e+00 -1.000000000000000e+00
zras   = 0.000000000000000e+00 1.000000000000000e+00 0.000000000000000e+00
cras   = 0.000000000000000e+00 0.000000000000000e+00 0.000000000000000e+00
subject fsaverage
fscale 0.100000
