# transform file transforms/talairach_with_skull.lta
# created by root on Tue Mar 12 21:36:13 2019

type      = 0 # LINEAR_VOX_TO_VOX
nxforms   = 1
mean      = 127.0000 135.0000 128.0000
sigma     = 10000.0000
1 4 4
1.048655509948730e+00 9.451172314584255e-03 2.160368720069528e-03 -7.866347312927246e+00 
-9.223380126059055e-03 1.243359923362732e+00 3.019685447216034e-01 -3.007397270202637e+01 
1.462500076740980e-04 -2.397332936525345e-01 9.931584000587463e-01 2.872046089172363e+01 
0.000000000000000e+00 0.000000000000000e+00 0.000000000000000e+00 1.000000000000000e+00 
src volume info
valid = 1  # volume info valid
filename = nu.mgz
volume = 256 256 256
voxelsize = 1.000000000000000e+00 1.000000000000000e+00 1.000000000000000e+00
xras   = -9.999999403953552e-01 -2.328306436538696e-10 -9.313225746154785e-10
yras   = 9.313225746154785e-10 3.637978807091713e-12 -9.999998807907104e-01
zras   = -2.328306436538696e-10 9.999999403953552e-01 7.275957614183426e-12
cras   = -1.596420288085938e+00 -1.396332550048828e+01 -1.484027862548828e+01
dst volume info
valid = 1  # volume info valid
filename = /usr/local/freesurfer/average/RB_all_withskull_2016-05-10.vc700.gca
volume = 256 256 256
voxelsize = 1.000000000000000e+00 1.000000000000000e+00 1.000000000000000e+00
xras   = -1.000000000000000e+00 0.000000000000000e+00 0.000000000000000e+00
yras   = 0.000000000000000e+00 0.000000000000000e+00 -1.000000000000000e+00
zras   = 0.000000000000000e+00 1.000000000000000e+00 0.000000000000000e+00
cras   = 0.000000000000000e+00 0.000000000000000e+00 0.000000000000000e+00
