# transform file transforms/talairach.lta
# created by root on Tue Mar 12 21:51:02 2019

type      = 0 # LINEAR_VOX_TO_VOX
nxforms   = 1
mean      = 126.0000 108.0000 106.0000
sigma     = 10000.0000
1 4 4
1.036137104034424e+00 -1.744212955236435e-02 -5.289894994348288e-03 -2.215440511703491e+00 
1.608026772737503e-02 1.041076302528381e+00 3.309502005577087e-01 -1.924492073059082e+01 
-2.974421659018844e-04 -3.244965970516205e-01 1.000490665435791e+00 3.745821762084961e+01 
0.000000000000000e+00 0.000000000000000e+00 0.000000000000000e+00 1.000000000000000e+00 
src volume info
valid = 1  # volume info valid
filename = nu.mgz
volume = 256 256 256
voxelsize = 1.000000000000000e+00 1.000000000000000e+00 1.000000000000000e+00
xras   = -9.999999403953552e-01 -2.328306436538696e-10 -9.313225746154785e-10
yras   = 9.313225746154785e-10 3.637978807091713e-12 -9.999998807907104e-01
zras   = -2.328306436538696e-10 9.999999403953552e-01 7.275957614183426e-12
cras   = -1.596420288085938e+00 -1.396332550048828e+01 -1.484027862548828e+01
dst volume info
valid = 1  # volume info valid
filename = /usr/local/freesurfer/average/RB_all_2016-05-10.vc700.gca
volume = 256 256 256
voxelsize = 1.000000000000000e+00 1.000000000000000e+00 1.000000000000000e+00
xras   = -1.000000000000000e+00 0.000000000000000e+00 0.000000000000000e+00
yras   = 0.000000000000000e+00 0.000000000000000e+00 -1.000000000000000e+00
zras   = 0.000000000000000e+00 1.000000000000000e+00 0.000000000000000e+00
cras   = 0.000000000000000e+00 0.000000000000000e+00 0.000000000000000e+00
